date,open,high,low,close,volume,spread_pct
2025-01-02,95.23,96.14,94.53,95.72,5079175,0.002
2025-01-03,95.05,95.86,94.61,95.58,4711124,0.002
2025-01-06,95.25,95.21,94.04,94.88,3595687,0.002
2025-01-07,94.66,95.71,92.95,94.57,4578049,0.002
2025-01-08,95.77,96.27,94.5,96.01,3669318,0.002
2025-01-09,95.16,96.19,94.09,95.52,5243760,0.002
2025-01-10,95.76,97.03,95.23,96.26,3364564,0.002
2025-01-13,95.86,97.31,95.22,96.07,5258022,0.002
2025-01-14,96.69,97.12,95.04,96.46,4028747,0.002
2025-01-15,97.41,98.15,95.59,97.14,4186575,0.002
2025-01-16,99.08,99.16,97.92,98.78,3697144,0.002
2025-01-17,99.59,99.53,98.01,99.27,5212893,0.002
2025-01-20,100.77,101.36,99.34,100.66,5237622,0.002
2025-01-21,101.0,102.59,99.3,101.03,5540947,0.002
2025-01-22,101.01,101.74,99.17,100.41,6108929,0.002
2025-01-23,99.74,101.14,99.04,100.32,4812103,0.002
2025-01-24,100.23,100.29,99.61,99.9,3615624,0.002
2025-01-27,99.07,100.39,97.98,99.57,4767074,0.002
2025-01-28,100.36,101.53,98.41,99.92,4152315,0.002
2025-01-29,100.45,100.68,98.29,99.9,3693315,0.002
2025-01-30,99.25,99.83,98.7,99.27,5270844,0.002
2025-01-31,98.64,99.0,97.94,98.8,5188828,0.002
2025-02-03,99.98,101.15,98.82,99.84,5584320,0.002
2025-02-04,99.15,100.32,97.28,98.7,6022343,0.002
2025-02-05,98.5,99.17,97.98,98.34,3374092,0.002
2025-02-06,97.0,97.7,96.74,97.18,3339272,0.002
2025-02-07,95.69,96.27,95.5,95.85,3241803,0.002
2025-02-10,96.19,97.62,96.06,96.48,4400602,0.002
2025-02-11,96.48,96.3,94.42,95.92,4827562,0.002
2025-02-12,95.45,95.95,95.28,95.63,4103124,0.002
2025-02-13,96.64,96.56,95.9,96.12,5051726,0.002
2025-02-14,95.08,96.06,94.82,95.05,6672604,0.002
2025-02-17,95.5,96.91,95.06,95.65,3751351,0.002
2025-02-18,95.87,97.08,94.68,96.07,3952950,0.002
2025-02-19,96.95,98.31,95.09,96.6,6095998,0.002
2025-02-20,96.82,97.54,95.99,96.99,3254328,0.002
2025-02-21,95.98,96.38,95.17,95.76,6593454,0.002
2025-02-24,96.14,97.24,93.91,95.62,4462689,0.002
2025-02-25,94.65,95.53,94.5,94.99,5396639,0.002
2025-02-26,96.14,97.44,95.03,95.96,6028717,0.002
2025-02-27,95.43,96.3,93.53,95.11,5850505,0.002
2025-02-28,95.01,95.66,93.81,95.2,6032964,0.002
2025-03-03,97.06,97.35,95.73,96.54,5759275,0.002
2025-03-04,96.56,96.48,95.66,96.09,6053407,0.002
2025-03-05,95.8,97.07,93.93,95.62,4411467,0.002
2025-03-06,96.65,96.5,95.89,96.1,5488828,0.002
2025-03-07,97.0,98.21,95.71,96.57,6124158,0.002
2025-03-10,96.08,96.96,95.74,96.38,5261173,0.002
2025-03-11,96.79,97.16,95.93,96.32,4423622,0.002
2025-03-12,96.63,97.82,95.13,96.73,6453795,0.002
2025-03-13,96.68,98.26,96.23,97.24,4734449,0.002
2025-03-14,96.64,97.22,95.58,97.02,4854574,0.002
2025-03-17,98.05,99.1,97.32,98.03,5149590,0.002
2025-03-18,98.88,99.54,98.09,99.17,4146901,0.002
2025-03-19,100.59,101.3,99.18,100.28,6434956,0.002
2025-03-20,100.6,101.77,99.57,100.58,5643831,0.002
2025-03-21,101.41,101.94,99.9,100.87,5667184,0.002
2025-03-24,102.16,103.83,101.45,102.08,6545761,0.002
2025-03-25,103.1,103.61,102.77,103.17,3411165,0.002
2025-03-26,103.1,103.08,101.44,102.75,6379295,0.002
2025-03-27,101.63,103.44,100.79,102.07,6328198,0.002
2025-03-28,103.21,103.91,101.56,103.34,4904138,0.002
2025-03-31,104.46,106.15,104.07,104.54,5006178,0.002
2025-04-01,104.37,104.62,103.35,104.09,3220138,0.002
2025-04-02,103.92,105.08,103.9,104.13,5396137,0.002
2025-04-03,104.4,104.35,102.19,104.04,6648105,0.002
2025-04-04,103.23,103.53,102.62,102.89,4123605,0.002
2025-04-07,102.12,102.62,100.05,101.73,4080992,0.002
2025-04-08,100.87,102.31,99.5,100.62,3472063,0.002
2025-04-09,98.78,100.59,98.42,99.29,6528058,0.002
2025-04-10,99.77,100.82,99.02,99.35,3389841,0.002
2025-04-11,100.01,100.87,99.2,99.94,6486009,0.002
2025-04-14,98.83,99.54,98.11,99.14,3544025,0.002
2025-04-15,97.89,98.38,97.59,98.11,4248019,0.002
2025-04-16,98.13,99.17,97.53,98.51,4399203,0.002
2025-04-17,97.46,97.78,96.97,97.19,5133776,0.002
2025-04-18,95.86,97.24,94.69,96.32,6098112,0.002
2025-04-21,95.99,97.07,94.64,96.12,4974069,0.002
2025-04-22,96.93,98.26,95.82,96.55,5694211,0.002
2025-04-23,96.38,97.72,96.17,96.9,3617346,0.002
2025-04-24,95.59,97.31,95.39,95.98,3454145,0.002
2025-04-25,96.63,98.43,95.65,96.88,4021966,0.002
2025-04-28,96.59,97.56,96.22,96.65,4097675,0.002
2025-04-29,97.71,99.73,96.96,98.01,6626400,0.002
2025-04-30,97.76,98.65,97.7,97.89,4858717,0.002
2025-05-01,97.68,98.78,97.28,98.27,4101007,0.002
2025-05-02,97.14,98.52,97.44,97.7,4245280,0.002
2025-05-05,97.84,98.66,96.53,97.55,5517157,0.002
2025-05-06,98.34,100.13,97.74,98.55,6695024,0.002
2025-05-07,97.69,99.56,97.02,98.23,6157042,0.002
2025-05-08,100.04,100.87,98.3,99.67,3651507,0.002
2025-05-09,100.62,101.26,98.71,100.25,6125072,0.002
2025-05-12,101.2,102.61,99.66,100.97,3977786,0.002
2025-05-13,99.86,100.75,99.55,100.33,6158956,0.002
2025-05-14,101.17,102.17,99.74,100.95,4911459,0.002
2025-05-15,100.21,101.68,98.8,100.2,5076719,0.002
2025-05-16,100.71,101.32,99.62,101.01,3418019,0.002
2025-05-19,101.05,102.14,100.23,100.76,6662646,0.002
2025-05-20,101.25,101.84,100.05,101.02,5911092,0.002
2025-05-21,101.11,102.79,101.21,101.54,4064185,0.002
2025-05-22,101.73,103.03,101.2,102.33,3368379,0.002
2025-05-23,102.13,103.21,100.58,101.91,4197083,0.002
2025-05-26,101.5,102.93,101.0,101.97,6367186,0.002
2025-05-27,100.62,102.99,99.49,101.2,4802294,0.002
2025-05-28,101.63,103.7,100.98,101.91,3905413,0.002
2025-05-29,102.46,103.45,101.73,102.9,5036636,0.002
2025-05-30,103.88,104.3,102.3,103.87,6342703,0.002
2025-06-02,104.13,104.74,102.45,104.15,3239403,0.002
2025-06-03,102.42,103.67,101.71,102.66,3656545,0.002
2025-06-04,101.4,102.73,100.44,102.01,5852642,0.002
2025-06-05,102.84,102.98,100.85,102.57,6395639,0.002
2025-06-06,102.39,102.59,100.94,101.78,5271035,0.002
2025-06-09,100.63,102.08,100.53,101.18,3516155,0.002
2025-06-10,101.44,102.42,100.02,101.75,4106620,0.002
2025-06-11,102.11,102.06,100.74,101.55,6333359,0.002
2025-06-12,102.65,103.35,100.42,102.11,5127221,0.002
2025-06-13,102.42,102.76,101.07,102.48,5859604,0.002
2025-06-16,103.29,103.44,102.48,102.76,3608320,0.002
2025-06-17,102.96,103.43,101.97,102.67,6664666,0.002
2025-06-18,102.16,103.36,101.39,102.09,4569723,0.002
2025-06-19,101.83,101.8,100.79,101.33,4939472,0.002
2025-06-20,100.69,102.42,98.95,100.75,3652545,0.002
2025-06-23,99.75,100.59,99.5,100.25,4010855,0.002
2025-06-24,100.24,101.05,98.32,99.94,4636013,0.002
2025-06-25,99.86,101.09,99.25,100.05,3373414,0.002
2025-06-26,99.87,101.62,99.47,99.87,5416656,0.002
2025-06-27,100.82,101.68,100.49,101.13,4589125,0.002
2025-06-30,101.93,103.23,99.9,101.48,3228517,0.002
2025-07-01,100.81,102.19,99.19,100.84,5263835,0.002
2025-07-02,100.54,100.97,98.46,100.15,6229665,0.002
2025-07-03,101.38,102.41,101.42,101.8,5030516,0.002
2025-07-04,102.97,104.54,101.39,102.79,5903281,0.002
2025-07-07,103.56,104.33,102.94,103.21,3987276,0.002
2025-07-08,104.31,106.07,104.06,104.78,4056458,0.002
2025-07-09,105.08,107.02,105.23,105.63,5037972,0.002
2025-07-10,106.46,107.2,105.74,106.33,3187661,0.002
2025-07-11,106.47,107.28,104.45,106.29,6331586,0.002
2025-07-14,107.17,107.2,105.95,106.58,5686753,0.002
2025-07-15,106.63,106.66,105.35,106.41,4662057,0.002
2025-07-16,105.72,107.41,104.28,106.06,3272750,0.002
2025-07-17,105.5,106.8,104.51,105.88,6019431,0.002
2025-07-18,107.27,107.74,106.1,106.67,4272176,0.002
2025-07-21,107.86,108.14,106.93,107.53,4211758,0.002
2025-07-22,108.33,109.77,108.15,108.69,4651304,0.002
2025-07-23,108.93,110.95,108.6,109.07,3916616,0.002
2025-07-24,109.64,110.69,109.91,110.22,4565958,0.002
2025-07-25,111.81,112.94,109.62,111.14,6503743,0.002
2025-07-28,110.78,111.0,108.58,110.46,3264817,0.002
2025-07-29,110.41,111.53,109.75,110.64,3759339,0.002
2025-07-30,109.64,109.75,108.21,109.04,3595349,0.002
2025-07-31,110.4,110.56,109.13,109.98,6109228,0.002
2025-08-01,109.34,109.81,108.46,109.5,6460223,0.002
2025-08-04,107.8,109.26,106.64,108.41,4628886,0.002
2025-08-05,108.35,110.51,108.66,108.95,3375287,0.002
2025-08-06,110.32,110.47,108.27,109.8,4370650,0.002
2025-08-07,108.66,110.85,107.67,108.97,5729888,0.002
2025-08-08,108.62,108.98,108.06,108.28,6449254,0.002
2025-08-11,108.19,110.39,108.28,108.54,4860680,0.002
2025-08-12,109.35,111.57,108.78,109.67,4697777,0.002
2025-08-13,110.04,111.49,109.11,109.65,5808556,0.002
2025-08-14,110.3,112.12,109.24,110.53,4300375,0.002
2025-08-15,109.85,111.85,109.89,110.25,5860388,0.002
2025-08-18,109.88,110.15,109.53,109.81,4322730,0.002
2025-08-19,111.04,113.15,109.37,111.36,3452697,0.002
2025-08-20,110.53,111.71,109.13,110.61,3993106,0.002
2025-08-21,111.08,112.07,109.34,110.97,8368856,0.002
2025-08-22,111.55,112.26,110.1,112.05,7007557,0.002
2025-08-25,111.88,113.77,111.64,112.45,5444853,0.002
2025-08-26,111.82,113.87,110.8,112.28,6177397,0.002
2025-08-27,114.6,115.33,113.52,114.4,7427666,0.002
2025-08-28,116.79,116.76,115.22,116.57,8337602,0.002
2025-08-29,117.8,118.66,117.55,118.58,5173825,0.002
2025-09-01,120.36,121.91,118.51,120.79,8461878,0.002
2025-09-02,121.91,122.01,119.51,121.5,4766590,0.002
2025-09-03,122.19,123.85,121.72,122.63,4939555,0.002
2025-09-04,122.57,123.09,120.93,122.59,5241226,0.002
2025-09-05,121.25,122.59,120.15,121.95,5769770,0.002
2025-09-08,120.89,123.31,120.21,121.76,4745243,0.002
2025-09-09,121.25,123.17,120.36,122.09,5048029,0.002
2025-09-10,122.72,124.06,122.2,123.25,8884996,0.002
2025-09-11,122.87,124.35,122.04,123.24,8452736,0.002
2025-09-12,125.29,125.92,124.3,125.2,5242321,0.002
2025-09-15,124.27,125.82,122.7,124.04,6226717,0.002
2025-09-16,124.47,126.38,124.63,125.45,6933022,0.002
2025-09-17,126.03,127.93,125.42,126.1,6054799,0.002
2025-09-18,126.06,126.58,125.21,126.28,8750428,0.002
